% -------------------------------------------------------------------
%  Generated by MATLAB on 25-Mar-2025 01:39:08
%  MATLAB version: 9.14.0.2254940 (R2023a) Update 2
% -------------------------------------------------------------------
% saveVarsMat = load('nb2_vcruise_40.mat');

A = 3.8013271108436504;

AR = 12;

AR_wing = 12;

BL = 0.017598034667903512;

C = ...
  [296409.71047463833 562062.8202415402 736954.80684910633 952920.538339616 ...
   1.3187275030698066E+6 1.8108912458225819E+6;
   381487.12428386707 587446.60935695248 803561.90331796138 1.1791248741363422E+6 ...
   1.5490907932367469E+6 2.3556816959150154E+6;
   480032.22312084172 619492.85184620612 849871.571125293 1.2235991429293016E+6 ...
   1.9792212473580523E+6 2.7320453017974957E+6;
   498593.28364897741 659415.83620091924 964802.90632788534 1.5289001004489996E+6 ...
   2.1860475584296393E+6 3.320175950118355E+6;
   498628.55527596944 756099.519309258 1.063826828745598E+6 1.6787343819797556E+6 ...
   2.5904353402626854E+6 4.0684100761397355E+6;
   519384.27540961234 776371.21438823221 1.2992799558996302E+6 1.9307520291138585E+6 ...
   3.1113654155978826E+6 5.0195925254140012E+6];

CP = 0.00011737429368574427;

CT = 0.00093360473536646151;

Cd = 0.011;

Cl_design = 0.8;

Cpi = 0.00052445978975987633;

Cpp = 5.8356812467028281E-5;

Ct = 0.0074648239419307615;

FM = 0.1718527867725326;

Fcb = 2;

Fcp = 1;

GW = [1 209 935.92617823616627 1395.3352463097683 1731.0098583471208 1928.2149731868597 ...
      2141.313091598885 2201.5815096593706 2226.4161469101573 2245.5581199036806 ...
      2262.6116043430306 2273.2277031986882 2282.0926171859819 2290.3649972017611 ...
      2292.6963341867049 2299.1983441797879 2300.9713743216507 2301.5288302366371 ...
      2301.7063283395692 2301.762902797745 2301.780936353889 2301.7866847221535 ...
      1656.222009049108];

HP_mr = 1934.1825948725807;

Imax_fr = ...
  [110.59624921845361 252.51438454985569 400.66459401630482 600.77888564940918 ...
   921.73102244554843 1339.0414794173839;
   144.19337423593936 280.24354079624965 463.589199714839 773.5491735685705 ...
   1123.3748066836081 1779.6243822354068;
   184.00361649809008 313.398117352224 521.37567557581019 856.086119271213 ...
   1469.8303472957905 2171.2379263607572;
   198.5101544583847 352.61844269732285 630.20742646212875 1101.0964130497237 ...
   1716.1383608348494 2693.7437644111419;
   207.89017353569631 423.35604376024224 722.02506140754247 1277.8593806325159 ...
   2083.0636638147666 3352.731659529602;
   229.04149056796069 458.68640836790877 909.2122579449682 1511.8497740733767 ...
   2548.9806883709016 4182.2922910154666];

Iramp = 1;

Kv = ...
  [23.148148148148145 34.722222222222221 46.296296296296291 57.870370370370367 ...
   69.444444444444443 81.018518518518519;
   23.148148148148145 34.722222222222221 46.296296296296291 57.870370370370367 ...
   69.444444444444443 81.018518518518519;
   23.148148148148145 34.722222222222221 46.296296296296291 57.870370370370367 ...
   69.444444444444443 81.018518518518519;
   23.148148148148145 34.722222222222221 46.296296296296291 57.870370370370367 ...
   69.444444444444443 81.018518518518519;
   23.148148148148145 34.722222222222221 46.296296296296291 57.870370370370367 ...
   69.444444444444443 81.018518518518519;
   23.148148148148145 34.722222222222221 46.296296296296291 57.870370370370367 ...
   69.444444444444443 81.018518518518519];

L = 2.9333333333333336;

L_by_D = 8;

Lf = 13.621333333333334;

N_rotors = 8;

Nb = 2;

Ngust = 3.6111350766631634;

Ngust_ult = 5.4167026149947448;

Nmanu = 3.2348785110709342;

Nmanu_ult = 5.3375495432670412;

No_of_battery = 2;

Nominal_volt = 43.2;

Nult = 5.4167026149947448;

O1 = ...
  [0 174537.94260086026 276939.36738406989 415258.36576087167 637100.48271436314 ...
   925545.47057329584;
   0 193704.33539836778 320432.85484289675 534677.18877059594 776476.66637971 ...
   1.2300763730011133E+6;
   127183.29972347987 216620.77871385723 360374.86695800006 591726.72564026248 ...
   1.0159467360508505E+6 1.5007596547005556E+6;
   137210.21876163551 243729.86759238958 435599.37317062344 761077.84069996909 ...
   1.186194835009048E+6 1.8619156899609815E+6;
   143693.68794787329 292623.69744707947 499063.72244489338 883256.40389319509 ...
   1.4398136044287668E+6 2.3174081230668612E+6;
   158313.47828057443 317044.04546389857 628447.51269156206 1.0449905638395181E+6 ...
   1.7618554518019673E+6 2.8908004315498904E+6];

O2 = ...
  [0 594.86640936836227 661.62360823999461 744.54142891766674 883.59417955988351 ...
   1068.5101427395161;
   0 610.62657089493109 693.73039219531984 837.14854772080525 978.125968416117 ...
   1279.104718155457;
   575.92442627415949 629.22670831961875 718.622199060586 862.41659188412712 ...
   1147.185177999655 1428.9952368806169;
   588.754077289364 651.15074869597049 770.03523167518119 985.65693622165429 ...
   1234.6885731622697 1656.222009049108;
   594.76257830069949 695.05110742513284 815.64878318413844 1051.6626375883097 ...
   1395.2248119790743 1942.0323746154363;
   608.990896954711 710.2524705508232 913.34563421740893 1155.9892181461523 ...
   1599.0523976227514 2301.7866847221535];

O3 = ...
  [0 48562.227668869076 63672.8953117628 82332.334512542831 113938.05626523129 ...
   156461.00363907107;
   0 50755.3870484407 69427.748446671874 101876.38912537998 133841.44453565494 ...
   203530.89852705738;
   41474.784077640725 53524.18239951221 73428.903745225325 105718.96594909167 ...
   171004.71577173573 236048.71407530364;
   43078.45970727165 56973.528247759423 83358.9711067293 132096.96867879358 ...
   188874.50904832085 286863.20209022588;
   43081.507175843763 65326.998468319893 91914.638003619679 145042.65060305089 ...
   223813.61339869603 351510.63057847315;
   44874.80139539051 67078.472923143272 112257.78818972806 166816.97531543739 ...
   268821.97190765705 433692.7941957697];

O4 = ...
  [0 191.87409222956359 242.24298437254268 304.4411150418095 409.79352088410428 ...
   551.53667879690363;
   0 199.18462349480234 261.42582815557296 369.58796375126667 476.13814845218315 ...
   708.43632842352463;
   168.24928025880243 208.41394133170738 274.76301248408447 382.39655316363888 ...
   600.01571923911922 816.82904691767885;
   173.59486569090552 219.91176082586475 307.86323702243095 470.32322892931194 ...
   659.58169682773621 986.21067363408622;
   173.60502391947924 247.75666156106632 336.38212667873233 513.47550201016975 ...
   776.04537799565344 1201.702101928244;
   179.58267131796839 253.59490974381094 404.19262729909354 586.05658438479134 ...
   926.07323969219033 1475.6426473192325];

O5 = ...
  [0 20.33 19.130000000000003 18.47 18.230000000000004 17.93;
   0 19.75 18.759999999999998 18.35 17.93 17.93;
   21.98 19.33 18.35 17.94 17.93 17.87;
   20.91 18.97 18.3 17.93 17.78 17.75;
   20.12 18.759999999999998 17.93 17.799999999999997 17.64 17.680000000000003 ...
   ;
   19.769999999999996 18.35 17.93 17.62 17.560000000000002 17.65];

O6 = ...
  [0 0.034417649203514714 0.024515319377865896 0.01782127117444322 0.013717688293030788 ...
   0.011519696320361457;
   0 0.03176326260080533 0.022310539690241563 0.016780382718539637 0.012692998723361241 ...
   0.010879713191452492;
   0.046480877595223125 0.029174580268436084 0.01987150585090219 0.014440897949325378 ...
   0.012024946158973796 0.009372256778481667;
   0.04499023607460647 0.0267932075980643 0.017562293681986033 0.01370843862123013 ...
   0.010258117120104894 0.0087538522793064021;
   0.042094949641539023 0.02549775964599036 0.016319569787178727 0.011757258362885258 ...
   0.0095516959354407256 0.008244480290270197;
   0.038960239744472172 0.022882340070735866 0.015577771160488786 0.010901654819328874 ...
   0.0089827898004423232 0.0078288895434356822];

